seed,initial_a,final_a,initial_b,final_b,score_a,score_b,digest
1,500,2889,500,2316,5.778000,4.632000,0612e51f2810f5c7
2,500,0,500,4292,0.000000,8.584000,d1b1144d4569c1f1
3,500,2256,500,2664,4.512000,5.328000,685e7e4c01ce5de5
4,500,1854,500,2734,3.708000,5.468000,0bbd010f0377badd
5,500,0,500,3592,0.000000,7.184000,11972863d9bd87c1
6,500,0,500,3482,0.000000,6.964000,94d47248c1c7ee60
7,500,3232,500,3030,6.464000,6.060000,82c100fabc0b7ca4
8,500,3140,500,2691,6.280000,5.382000,358ade954ca8a7d0
9,500,1736,500,2594,3.472000,5.188000,6cf47437e620fcdc
10,500,1323,500,2632,2.646000,5.264000,6771e3c73c26ec12
11,500,0,500,3812,0.000000,7.624000,41b4ae8d06770b60
12,500,3258,500,2043,6.516000,4.086000,c59962fe1f079feb
13,500,2079,500,2470,4.158000,4.940000,6656feef4946732d
14,500,3316,500,2297,6.632000,4.594000,dfa016dcff306898
15,500,2985,500,2687,5.970000,5.374000,f44ef394635e5f28
16,500,2329,500,2819,4.658000,5.638000,6776ccc08d0f807d
17,500,1564,500,2432,3.128000,4.864000,003de1be547979d5
18,500,0,500,3565,0.000000,7.130000,bcd0173170771e29
19,500,1585,500,3202,3.170000,6.404000,7a69d5c53c40d850
20,500,2416,500,2570,4.832000,5.140000,53d838c90291db76
21,500,0,500,3520,0.000000,7.040000,30882ab36aa0fefe
22,500,2308,500,2597,4.616000,5.194000,6373f706715db042
23,500,2118,500,2803,4.236000,5.606000,d7e464498bb30faf
24,500,3448,500,2499,6.896000,4.998000,f106c3a59e5d3a97
25,500,1702,500,2526,3.404000,5.052000,012d7c95746e829d
26,500,0,500,3800,0.000000,7.600000,a6bb5d0849426c98
27,500,3119,500,2259,6.238000,4.518000,9ec375eb6d1e12ca
28,500,2238,500,2064,4.476000,4.128000,be5e536487a947d6
29,500,0,500,3204,0.000000,6.408000,855991d9ef1d0731
30,500,1988,500,1960,3.976000,3.920000,e0542b38147d2b11
31,500,2313,500,2127,4.626000,4.254000,ba6ebb6f473c8cd5
32,500,2451,500,2244,4.902000,4.488000,4566b94857906ac6
33,500,2582,500,2309,5.164000,4.618000,caf9989ef8f6c861
34,500,0,500,3523,0.000000,7.046000,cb9308c21c379806
35,500,0,500,4105,0.000000,8.210000,b0debd532a941d81
36,500,1827,500,2352,3.654000,4.704000,c4c625c17dce7180
37,500,1644,500,2507,3.288000,5.014000,c4e0af15c71c7d2b
38,500,1792,500,2079,3.584000,4.158000,a200b9f78f39118f
39,500,2165,500,2381,4.330000,4.762000,68325b459d4079b8
40,500,1700,500,2170,3.400000,4.340000,a6ad9036d317796d
41,500,1909,500,2230,3.818000,4.460000,6fc9702e13ccdce4
42,500,2945,500,2339,5.890000,4.678000,692231b14d1aa2d7
43,500,1329,500,2464,2.658000,4.928000,3eb262ea2306aa6c
44,500,2559,500,2470,5.118000,4.940000,f421867b0699a3cd
45,500,2315,500,2499,4.630000,4.998000,e88c284f0a47e818
46,500,0,500,4043,0.000000,8.086000,a0eead0602ec2347
47,500,0,500,3267,0.000000,6.534000,12b4ed4a305fddf8
48,500,2442,500,2510,4.884000,5.020000,e15455e67616a4b6
49,500,2447,500,2343,4.894000,4.686000,63f67a3af839fbf6
50,500,2140,500,2325,4.280000,4.650000,ec8ca45e6b324ac4
51,500,2159,500,2179,4.318000,4.358000,8f8f187b42d5f99f
52,500,2611,500,2236,5.222000,4.472000,4c4b796e8ff21968
53,500,0,500,3889,0.000000,7.778000,8c7db6e3b27ea794
54,500,1705,500,3002,3.410000,6.004000,40a53d1e49a8289b
55,500,1241,500,2940,2.482000,5.880000,81e76455656391f7
56,500,1779,500,2895,3.558000,5.790000,f792a490fdfeea21
57,500,1895,500,2663,3.790000,5.326000,7e8e8139e8749278
58,500,1819,500,2742,3.638000,5.484000,f098770eabecb978
59,500,0,500,3590,0.000000,7.180000,cfe3e92d974597bb
60,500,0,500,4190,0.000000,8.380000,3da522b99fac7f98
61,500,2301,500,2658,4.602000,5.316000,8a586518325c6192
62,500,1639,500,2319,3.278000,4.638000,f13b78b2d3504757
63,500,2030,500,2481,4.060000,4.962000,a8bdb2190bfd512c
64,500,1428,500,2934,2.856000,5.868000,fb11f9647ebf8d97
65,500,2232,500,2585,4.464000,5.170000,502c9f98787b0600
66,500,1422,500,2495,2.844000,4.990000,4fdc7fd10e9dbdeb
67,500,2323,500,2342,4.646000,4.684000,9741d5070c4bc4f7
68,500,2147,500,2590,4.294000,5.180000,3e8d4ad58020a4bf
69,500,2415,500,2653,4.830000,5.306000,7bcaea60cfa2a723
70,500,1976,500,2509,3.952000,5.018000,2a0abb521322aed5
71,500,2351,500,2253,4.702000,4.506000,09389aa4499b21e4
72,500,3386,500,2275,6.772000,4.550000,d306318634180225
73,500,2303,500,3001,4.606000,6.002000,993a34f0c67cddcf
74,500,2647,500,1829,5.294000,3.658000,69197d5f4014b43d
75,500,1692,500,2367,3.384000,4.734000,89c0b015d38aeac0
76,500,2792,500,2357,5.584000,4.714000,c7d5ee64be400b2d
77,500,0,500,3543,0.000000,7.086000,509a534013fc290a
78,500,1422,500,2339,2.844000,4.678000,1b0eced59c0b59ad
79,500,3021,500,2111,6.042000,4.222000,67e1f266b764db39
80,500,1512,500,2599,3.024000,5.198000,2331fa008c70b493
81,500,2331,500,2335,4.662000,4.670000,47be2bf1adba499f
82,500,3559,500,2236,7.118000,4.472000,189fe001fa4411cc
83,500,0,500,4373,0.000000,8.746000,f689a51db4a3e77a
84,500,2583,500,2618,5.166000,5.236000,eccf19229745a90f
85,500,1776,500,2542,3.552000,5.084000,7939eeeff1ed4fd9
86,500,0,500,3533,0.000000,7.066000,c58dc95a2aecce42
87,500,2711,500,2378,5.422000,4.756000,20f1a003a3da8d1c
88,500,2952,500,2388,5.904000,4.776000,84d166dbb535fec6
89,500,2884,500,2319,5.768000,4.638000,8559a6d1b0cb26bd
90,500,3018,500,1801,6.036000,3.602000,f2449846f3be83d0
91,500,2589,500,2346,5.178000,4.692000,dc71421d2b5457da
92,500,0,500,3900,0.000000,7.800000,ef7340a4da88e864
93,500,1524,500,2427,3.048000,4.854000,25891f2796158cdf
94,500,2220,500,3037,4.440000,6.074000,61b700ee68be13e8
95,500,2843,500,2469,5.686000,4.938000,476c88e782a396d2
96,500,2236,500,2177,4.472000,4.354000,dc0333309f2e9240
97,500,2146,500,2496,4.292000,4.992000,768e17d5a0a4aeba
98,500,2777,500,2066,5.554000,4.132000,c831bcf442a4f36e
99,500,1104,500,2393,2.208000,4.786000,eb1ef1d4fc5a923b
100,500,637,500,3659,1.274000,7.318000,21e17659fb84ad2b
101,500,2669,500,2227,5.338000,4.454000,29b33b600d860941
102,500,0,500,3193,0.000000,6.386000,00c9076555fd892c
103,500,1391,500,2490,2.782000,4.980000,928e8400a5f150b7
104,500,2499,500,2544,4.998000,5.088000,1ded3838b77704f9
105,500,1354,500,2711,2.708000,5.422000,a75cb5473d877181
106,500,3127,500,2462,6.254000,4.924000,62e54b5737a3c71b
107,500,0,500,3741,0.000000,7.482000,98da09a5833bd90e
108,500,2295,500,2326,4.590000,4.652000,f18af34398412708
109,500,2919,500,2568,5.838000,5.136000,868583e465e4fca1
110,500,2651,500,2480,5.302000,4.960000,cadc1019ae527146
111,500,2031,500,2913,4.062000,5.826000,bc6f86e1356620a7
112,500,2864,500,2486,5.728000,4.972000,afe4ffe2801740de
113,500,2732,500,2378,5.464000,4.756000,506765233a8636ce
114,500,2707,500,2725,5.414000,5.450000,426457a675fc9c76
115,500,0,500,3912,0.000000,7.824000,084652a4edf27115
116,500,2083,500,2725,4.166000,5.450000,05011ea997107a10
117,500,2497,500,2867,4.994000,5.734000,81e10549547bcd02
118,500,0,500,3585,0.000000,7.170000,addbe9d8dbc615ed
119,500,1854,500,2454,3.708000,4.908000,730439dd7d8dfe4f
120,500,3251,500,2961,6.502000,5.922000,c0e8b6a945503eee
121,500,3539,500,0,7.078000,0.000000,b07b80fb11d8a55a
122,500,0,500,3598,0.000000,7.196000,e6f6d034c0edafaa
123,500,1508,500,2675,3.016000,5.350000,ab5c1ebe526bdd4b
124,500,1779,500,2403,3.558000,4.806000,dcccdd514cf4dd70
125,500,0,500,3846,0.000000,7.692000,009ff0a81014f117
126,500,1079,500,2541,2.158000,5.082000,52694b0a8b446ccf
127,500,1768,500,3089,3.536000,6.178000,b18df58d2fb6e35e
128,500,2256,500,2301,4.512000,4.602000,ff3bf0dcdc02a0a9
129,500,0,500,3580,0.000000,7.160000,4b4ed94a87b4ed59
130,500,1700,500,2633,3.400000,5.266000,88721e078b512598
131,500,0,500,3323,0.000000,6.646000,4a489fc75fd4982e
132,500,2591,500,2600,5.182000,5.200000,f6e657a725b03962
133,500,1052,500,2820,2.104000,5.640000,9e1819fb118c85d7
134,500,2014,500,2531,4.028000,5.062000,887145bea08c9f0e
135,500,2649,500,2211,5.298000,4.422000,f5f9d07de7453658
136,500,1513,500,2178,3.026000,4.356000,df468cdab640653e
137,500,1573,500,2549,3.146000,5.098000,15cbafb710c600f1
138,500,2368,500,2583,4.736000,5.166000,1c45bcf56241d7a7
139,500,1817,500,2433,3.634000,4.866000,0a02160dc58a5f19
140,500,3133,500,2723,6.266000,5.446000,2f0e2b595b5cb367
141,500,3151,500,2270,6.302000,4.540000,1edbd83fcdf9c913
142,500,1695,500,2532,3.390000,5.064000,6460912def4a7f09
143,500,0,500,3745,0.000000,7.490000,24c8aeef32c33fe1
144,500,3094,500,2335,6.188000,4.670000,2bfd5071c0ecee41
145,500,2416,500,2428,4.832000,4.856000,23e5e0427a361c89
146,500,0,500,3979,0.000000,7.958000,0eb92568d29449fd
147,500,0,500,3683,0.000000,7.366000,3890d1279e52f34e
148,500,1725,500,2664,3.450000,5.328000,fdec5eb5930ba0f1
149,500,3289,500,2413,6.578000,4.826000,a1d074b1fc800e9f
150,500,2280,500,2409,4.560000,4.818000,44f6d383dfdb018a
151,500,1803,500,2408,3.606000,4.816000,cac58377d31ddab3
152,500,2038,500,2327,4.076000,4.654000,2cc01ae9cca460d9
153,500,2901,500,2162,5.802000,4.324000,ea53c1483fff4d56
154,500,0,500,3219,0.000000,6.438000,19b7db91cd857a73
155,500,2221,500,2195,4.442000,4.390000,7ba3d37924f933a2
156,500,2632,500,2553,5.264000,5.106000,12214477467328eb
157,500,0,500,3203,0.000000,6.406000,a6479abe06755064
158,500,2398,500,2216,4.796000,4.432000,7bc4ba9cda8aa510
159,500,2857,500,2204,5.714000,4.408000,dbb4c73c3368be1c
160,500,0,500,3421,0.000000,6.842000,d1934b7f0c7ba484
161,500,2598,500,2454,5.196000,4.908000,e6deb595df7e0201
162,500,3007,500,2280,6.014000,4.560000,ca70fa784335e990
163,500,1839,500,2793,3.678000,5.586000,642195ac6e24dbc8
164,500,1653,500,2580,3.306000,5.160000,965206f4f966eb09
165,500,0,500,3334,0.000000,6.668000,24151366a911a403
166,500,1506,500,2648,3.012000,5.296000,aeeaf5e15613856a
167,500,1582,500,2500,3.164000,5.000000,d2ca0ba165dba551
168,500,1309,500,2291,2.618000,4.582000,52f157e225845f9d
169,500,0,500,3710,0.000000,7.420000,1a07c7ef8268fcbb
170,500,0,500,3480,0.000000,6.960000,725cdf080971f302
171,500,1044,500,2744,2.088000,5.488000,17c47caab8814aab
172,500,2632,500,2250,5.264000,4.500000,534aa3fa33e57fa0
173,500,0,500,3394,0.000000,6.788000,12e280e9c9f56e35
174,500,2492,500,2637,4.984000,5.274000,e26d88fd91452c60
175,500,3006,500,2107,6.012000,4.214000,f7711dcdec76aab6
176,500,2143,500,2573,4.286000,5.146000,8e8c63dc7dc3d47f
177,500,2481,500,2363,4.962000,4.726000,02aa94b005aca88d
178,500,2708,500,2330,5.416000,4.660000,a2931ba3664207e1
179,500,1903,500,2114,3.806000,4.228000,0d67d0275d30fca5
180,500,2093,500,2555,4.186000,5.110000,1a373dace09b3b07
181,500,3249,500,2793,6.498000,5.586000,5cf0b5d0f84d2052
182,500,1716,500,2963,3.432000,5.926000,cbf4270884721faf
183,500,3240,500,1971,6.480000,3.942000,56d662438306d8e0
184,500,2511,500,2544,5.022000,5.088000,699803d861c64461
185,500,3014,500,2449,6.028000,4.898000,2c53bec75c3776fb
186,500,2764,500,2119,5.528000,4.238000,4962551436e5391e
187,500,2435,500,2481,4.870000,4.962000,1a8ce1597343a182
188,500,1404,500,2855,2.808000,5.710000,66e6ede517e601b6
189,500,2507,500,2463,5.014000,4.926000,afaf30b7f4eff84a
190,500,1618,500,2013,3.236000,4.026000,dd0ccc830da3acbd
191,500,3838,500,2383,7.676000,4.766000,f18f86195f833b59
192,500,2556,500,2393,5.112000,4.786000,0b2a0a50b5f294eb
193,500,418,500,3122,0.836000,6.244000,7ddef0dbde1e311e
194,500,2510,500,2245,5.020000,4.490000,d5d5aa073be8b106
195,500,646,500,3075,1.292000,6.150000,85dfb916cd7d7542
196,500,1978,500,2180,3.956000,4.360000,4efd26520a9af465
197,500,1843,500,2278,3.686000,4.556000,b6c4eaa65592c244
198,500,2825,500,2234,5.650000,4.468000,2e16095a9469b643
199,500,0,500,4341,0.000000,8.682000,295d6fd9bbd26339
200,500,2242,500,2434,4.484000,4.868000,234cbea343e6ecf0
201,500,1821,500,2213,3.642000,4.426000,0f2a2153d8c37f96
202,500,3209,500,2469,6.418000,4.938000,0c2bebb8794036fd
203,500,2570,500,2181,5.140000,4.362000,f29fd4e6712d35e6
204,500,2497,500,2756,4.994000,5.512000,53534728c92b83f5
205,500,3339,500,2218,6.678000,4.436000,dff9a4bed10e818a
206,500,1212,500,2555,2.424000,5.110000,614489565b8d3c8e
207,500,2918,500,2225,5.836000,4.450000,f65e05eae19d5993
208,500,2847,500,2257,5.694000,4.514000,3c7eb843d6ea56bd
209,500,2600,500,2382,5.200000,4.764000,b918b13a9b52d5ab
210,500,3375,500,2684,6.750000,5.368000,d8289ae015325117
211,500,941,500,3362,1.882000,6.724000,8b898aa6d4ef00dd
212,500,1418,500,2223,2.836000,4.446000,a40188db32e212d9
213,500,0,500,3361,0.000000,6.722000,fad8a5b1bf8ccf9e
214,500,1383,500,2807,2.766000,5.614000,7b17a8cf12a142cf
215,500,2763,500,2495,5.526000,4.990000,66d27861c468678b
216,500,0,500,3846,0.000000,7.692000,60aaa51ffeec7bec
217,500,2041,500,2243,4.082000,4.486000,6d0f36cde31f7158
218,500,0,500,3586,0.000000,7.172000,948ba6379b58cdb5
219,500,2834,500,2740,5.668000,5.480000,c446dfd35e4dce54
220,500,1641,500,2378,3.282000,4.756000,31588de45d416402
221,500,869,500,2538,1.738000,5.076000,676342ec85e014e8
222,500,1896,500,2335,3.792000,4.670000,2b7ff8bfd6b3a470
223,500,1872,500,2384,3.744000,4.768000,3284c035c7e354b2
224,500,2907,500,2208,5.814000,4.416000,ce4ecc97407fd2d9
225,500,3004,500,1811,6.008000,3.622000,d37c8eae1acd57d0
226,500,2483,500,2731,4.966000,5.462000,e0211a76a6995855
227,500,0,500,3317,0.000000,6.634000,f833568242946302
228,500,3285,500,2490,6.570000,4.980000,5ac0a40156b43c43
229,500,2207,500,2486,4.414000,4.972000,969630cfc782b6b1
230,500,0,500,4176,0.000000,8.352000,ca2c84c51d587b1d
231,500,0,500,3887,0.000000,7.774000,13aca869a08cdb66
232,500,2238,500,2317,4.476000,4.634000,3cb0b2600ab27d32
233,500,2995,500,2796,5.990000,5.592000,166f090cef79da77
234,500,0,500,3455,0.000000,6.910000,acc270872f9bde42
235,500,3020,500,2020,6.040000,4.040000,c846d1caf7e96873
236,500,2481,500,2994,4.962000,5.988000,227f71354fd68af1
237,500,2720,500,2286,5.440000,4.572000,6ba08b20f3f5aabb
238,500,0,500,3906,0.000000,7.812000,56e79d93a051e48f
239,500,2819,500,2153,5.638000,4.306000,e333cde52d91dc89
240,500,2856,500,2214,5.712000,4.428000,4a7192e201d4e855
241,500,2314,500,2784,4.628000,5.568000,4a44fb593f2c7751
242,500,3758,500,0,7.516000,0.000000,1ed7790af00214e0
243,500,0,500,4485,0.000000,8.970000,4382d106f1361bac
244,500,0,500,3693,0.000000,7.386000,15acd6439eeeb9f3
245,500,2718,500,2319,5.436000,4.638000,ab1342414126e457
246,500,3064,500,2047,6.128000,4.094000,7f202c670b62a5a4
247,500,1943,500,2437,3.886000,4.874000,46bf12868c48ba2e
248,500,3298,500,2141,6.596000,4.282000,1e63071c30917e3f
249,500,1669,500,2685,3.338000,5.370000,41180f49b9d57f8d
250,500,1771,500,2324,3.542000,4.648000,6c0d08579c044d72
251,500,2936,500,2607,5.872000,5.214000,bd367e230fcad550
252,500,3405,500,2164,6.810000,4.328000,a757e1fcfd0ac03f
253,500,2620,500,2474,5.240000,4.948000,980df73417218ffa
254,500,1175,500,2784,2.350000,5.568000,e4449acb02490ac8
255,500,0,500,3559,0.000000,7.118000,93f08656a31b94d3
256,500,2434,500,2725,4.868000,5.450000,3dd2786bda7b1acb
257,500,0,500,2983,0.000000,5.966000,9bef144388d87ea7
258,500,3432,500,2196,6.864000,4.392000,4a2a11a282986508
259,500,1570,500,2470,3.140000,4.940000,5a25da1e21d27bae
260,500,568,500,3403,1.136000,6.806000,42cc116272f14bd9
261,500,2032,500,2673,4.064000,5.346000,2ecd43ec9ed5f491
262,500,2628,500,585,5.256000,1.170000,29b9cc671b9bc5ab
263,500,2506,500,2957,5.012000,5.914000,f1de96e6061d65cd
264,500,0,500,4009,0.000000,8.018000,f06e28b6eff3c6d4
265,500,1832,500,2285,3.664000,4.570000,9eb24322a25be0db
266,500,0,500,4330,0.000000,8.660000,4c53ac69adf6c8b2
267,500,1862,500,2389,3.724000,4.778000,9e55b604b24d223c
268,500,2859,500,2832,5.718000,5.664000,d154a467fddc3973
269,500,2582,500,2568,5.164000,5.136000,1a96284d125820fb
270,500,355,500,3450,0.710000,6.900000,edcb2e17168934e5
271,500,2052,500,2467,4.104000,4.934000,608064abb8bd0da3
272,500,804,500,3001,1.608000,6.002000,85f9a7114f609fdd
273,500,0,500,3868,0.000000,7.736000,960a3f5368ab2afd
274,500,1405,500,2469,2.810000,4.938000,357991e4190d69f8
275,500,2975,500,2339,5.950000,4.678000,b296cbfb7cbca362
276,500,2020,500,2233,4.040000,4.466000,05be0699ccb5e9a8
277,500,1333,500,2846,2.666000,5.692000,ac7444fc935b6bc6
278,500,2788,500,2508,5.576000,5.016000,acf660c9723e432a
279,500,1322,500,2610,2.644000,5.220000,f5b606fee9824072
280,500,2253,500,2677,4.506000,5.354000,1dcca87d4a648bd7
281,500,0,500,3825,0.000000,7.650000,54e3349309496ac4
282,500,1457,500,3042,2.914000,6.084000,be069aa8777102bb
283,500,1621,500,2478,3.242000,4.956000,84d64bf68ae4f26e
284,500,2100,500,2645,4.200000,5.290000,cc070df110ecd8f6
285,500,0,500,5272,0.000000,10.544000,ed3bb355da073508
286,500,0,500,3743,0.000000,7.486000,37f6f745bc25a8e0
287,500,2696,500,2254,5.392000,4.508000,53f73df19d68b9e5
288,500,0,500,3832,0.000000,7.664000,b16794939e14b1ff
289,500,0,500,3429,0.000000,6.858000,301dea558537b875
290,500,0,500,3830,0.000000,7.660000,02adae48265098d9
291,500,0,500,3360,0.000000,6.720000,99f0e38b3f1660fb
292,500,2514,500,2512,5.028000,5.024000,dd68433b0961ac37
293,500,1443,500,2499,2.886000,4.998000,fdd36b31aaf237ed
294,500,3511,500,2039,7.022000,4.078000,294071beac764f9d
295,500,1440,500,2671,2.880000,5.342000,60e75025795dc110
296,500,2778,500,2566,5.556000,5.132000,08a566687b973a1d
297,500,2668,500,2214,5.336000,4.428000,043e3caee3be468a
298,500,2432,500,2512,4.864000,5.024000,847a35891b09d70e
299,500,0,500,3941,0.000000,7.882000,127b5942351969c0
300,500,0,500,3621,0.000000,7.242000,4037f62980c769a3
301,500,2960,500,2545,5.920000,5.090000,36012f2ca820b95f
302,500,0,500,3864,0.000000,7.728000,d94a92aecd94106b
303,500,2692,500,2520,5.384000,5.040000,ee56fae2a498b520
304,500,1557,500,2609,3.114000,5.218000,86856adbe32b3da6
305,500,2433,500,2275,4.866000,4.550000,211857622ebfd373
306,500,2623,500,2224,5.246000,4.448000,2af9b3acb8394415
307,500,1281,500,2849,2.562000,5.698000,315c044896ed0bad
308,500,0,500,3889,0.000000,7.778000,5757f47a5beb551e
309,500,2862,500,2229,5.724000,4.458000,f004f54b6b093a40
310,500,2331,500,2879,4.662000,5.758000,7e8f53a62a22e3db
311,500,1899,500,2120,3.798000,4.240000,2fbeb617ae294396
312,500,2667,500,2459,5.334000,4.918000,aff4728106589c80
313,500,1246,500,2921,2.492000,5.842000,0a899476c86acf77
314,500,0,500,4141,0.000000,8.282000,48fe9fca6b4dc1b9
315,500,0,500,3636,0.000000,7.272000,b5a5bfed64d746be
316,500,3119,500,2406,6.238000,4.812000,42ad208d6af7ac59
317,500,1178,500,2633,2.356000,5.266000,4f0c764ec071680a
318,500,1555,500,2299,3.110000,4.598000,230ede389101487c
319,500,2541,500,2252,5.082000,4.504000,82a024269e6ed967
320,500,3148,500,2263,6.296000,4.526000,43d0c68d81abfd6e
321,500,2637,500,2554,5.274000,5.108000,bc8d1100e1b40e8b
322,500,2148,500,2986,4.296000,5.972000,172bc9bc1c34e573
323,500,0,500,3589,0.000000,7.178000,39b04808803f4c05
324,500,3174,500,2620,6.348000,5.240000,610f8222592e97df
325,500,2973,500,2358,5.946000,4.716000,2889e82dfe2bc042
326,500,2201,500,2197,4.402000,4.394000,6eb489dde5d835bd
327,500,0,500,3601,0.000000,7.202000,bea5a1134ff0f93a
328,500,2689,500,2289,5.378000,4.578000,782e87339790f333
329,500,2889,500,2713,5.778000,5.426000,71151d9b8b5fc1e7
330,500,2347,500,2658,4.694000,5.316000,1209b8a111dc4375
331,500,1766,500,2527,3.532000,5.054000,d3630f4449b79b14
332,500,2059,500,1918,4.118000,3.836000,0988c9c7b3a016ba
333,500,2396,500,2615,4.792000,5.230000,855aedda9c87ffd6
334,500,2057,500,2442,4.114000,4.884000,9fa1eb5da247d53f
335,500,2954,500,2451,5.908000,4.902000,25e4fab6efe1d9b0
336,500,0,500,4054,0.000000,8.108000,5dc77a0dee2880f1
337,500,1900,500,2198,3.800000,4.396000,bb423caec49c5ea7
338,500,2415,500,2557,4.830000,5.114000,17b46a7c9dde05c1
339,500,0,500,3454,0.000000,6.908000,2aa8b905b9e05973
340,500,1838,500,2038,3.676000,4.076000,6dcbf54ac23ff129
341,500,1850,500,2384,3.700000,4.768000,e07485cb769537a9
342,500,0,500,3859,0.000000,7.718000,971651e736a8225d
343,500,1268,500,2742,2.536000,5.484000,9ce1c6ba194c7b9a
344,500,2148,500,2110,4.296000,4.220000,945a025fdb6263ec
345,500,1835,500,2423,3.670000,4.846000,9090ac362ac9049f
346,500,2968,500,2345,5.936000,4.690000,92a6cc8d96b0b0fc
347,500,2052,500,2725,4.104000,5.450000,c21b968a0da8537f
348,500,0,500,3791,0.000000,7.582000,48b97583a5331515
349,500,0,500,3818,0.000000,7.636000,7c2d46368f465395
350,500,1335,500,2569,2.670000,5.138000,773ca1195b303613
351,500,0,500,3191,0.000000,6.382000,69945612afa6b821
352,500,2857,500,2352,5.714000,4.704000,9fea0fcdd3ad0a67
353,500,2709,500,2583,5.418000,5.166000,d5d3f9dc460fbab6
354,500,1267,500,2668,2.534000,5.336000,7a91aceeccff738d
355,500,0,500,3957,0.000000,7.914000,0ef0ea194bf54530
356,500,3008,500,2391,6.016000,4.782000,ceb5e06bb5643d8d
357,500,453,500,2815,0.906000,5.630000,f607e0628daa9263
358,500,1642,500,2443,3.284000,4.886000,f1ce82a2f7d48177
359,500,0,500,3641,0.000000,7.282000,33a4096aa22c4f99
360,500,1413,500,2759,2.826000,5.518000,a13d27bf74b14f35
361,500,2585,500,2271,5.170000,4.542000,56968e2106895eb6
362,500,2580,500,2316,5.160000,4.632000,df264e174b0e3b99
363,500,2160,500,2212,4.320000,4.424000,fa3100c55b62cb97
364,500,0,500,3321,0.000000,6.642000,828809c9080c3100
365,500,1700,500,2147,3.400000,4.294000,c942a085f9902a2c
366,500,3000,500,2323,6.000000,4.646000,82a18b133176aed8
367,500,2416,500,2895,4.832000,5.790000,4144ed2d155e73d1
368,500,2230,500,3179,4.460000,6.358000,fbd939dccb1d917e
369,500,2347,500,2604,4.694000,5.208000,3d6cf5f95ebb7ad4
370,500,3239,500,2543,6.478000,5.086000,3d10df2771ada449
371,500,3430,500,2765,6.860000,5.530000,4fd6408f0a99ea38
372,500,2308,500,2883,4.616000,5.766000,fa4286cd197c5e97
373,500,2356,500,2813,4.712000,5.626000,bfa3f91b3b2a007b
374,500,2286,500,1689,4.572000,3.378000,b67126a54831e490
375,500,1341,500,2782,2.682000,5.564000,e311e0b856f02d7c
376,500,1210,500,2680,2.420000,5.360000,4460b0d5dbb30e99
377,500,2939,500,1983,5.878000,3.966000,dfbd5a2102437cec
378,500,3103,500,2676,6.206000,5.352000,b8115fe4a68890b6
379,500,1856,500,3026,3.712000,6.052000,bc5129283251e59c
380,500,1407,500,2700,2.814000,5.400000,25da2d8884f21bd8
381,500,3264,500,2284,6.528000,4.568000,9231754d8119f669
382,500,2025,500,3065,4.050000,6.130000,f074b8c5ed18d3f0
383,500,0,500,3268,0.000000,6.536000,f4030bfbb0a31862
384,500,0,500,4522,0.000000,9.044000,e797225759b53307
385,500,2855,500,2333,5.710000,4.666000,d49be94213f48d1a
386,500,3342,500,1829,6.684000,3.658000,bf7b9fc91750ab20
387,500,1665,500,2576,3.330000,5.152000,ddf36cbcf2a6ba66
388,500,919,500,3048,1.838000,6.096000,f4b7ba7048ea8236
389,500,0,500,4132,0.000000,8.264000,f9e2f5c69266bf69
390,500,2388,500,2656,4.776000,5.312000,5683171a3af9fdaa
391,500,3173,500,2430,6.346000,4.860000,bd43488f5ce70170
392,500,2354,500,3120,4.708000,6.240000,817a75394fd83d6d
393,500,3418,500,2037,6.836000,4.074000,53ac6f4f56132fa2
394,500,1703,500,2433,3.406000,4.866000,61593cae1ef329dd
395,500,0,500,3689,0.000000,7.378000,f35f516e8f738d50
396,500,1538,500,3172,3.076000,6.344000,6a85c0e90c5a8c35
397,500,1521,500,2476,3.042000,4.952000,b57cd087bbd1751b
398,500,2095,500,2977,4.190000,5.954000,6f41d5410dca0685
399,500,0,500,3670,0.000000,7.340000,2e31245f7c45352f
400,500,3109,500,2610,6.218000,5.220000,57eb0d7334f8b7ae
401,500,1225,500,2594,2.450000,5.188000,5fdaf5d88a2e4663
402,500,2091,500,3100,4.182000,6.200000,4b8e925f74a76f82
403,500,2055,500,2709,4.110000,5.418000,7a90ac882914eba6
404,500,2130,500,3000,4.260000,6.000000,53e73df91713fc2f
405,500,1898,500,3007,3.796000,6.014000,105f5338d7abb272
406,500,3454,500,2356,6.908000,4.712000,98da198b260b3904
407,500,2786,500,2451,5.572000,4.902000,96150eb83fa9e2fc
408,500,3732,500,2060,7.464000,4.120000,bffcf7eedaef2c44
409,500,1728,500,3024,3.456000,6.048000,da0955edec1c5e1d
410,500,2650,500,2270,5.300000,4.540000,bce6a8702d6418f5
411,500,0,500,3599,0.000000,7.198000,d086d56ceefd9a95
412,500,86,500,3765,0.172000,7.530000,cc1626d18161963a
413,500,0,500,4107,0.000000,8.214000,e4cedacf2b3be78c
414,500,2184,500,2674,4.368000,5.348000,0d15350308b3bf2f
415,500,3739,500,0,7.478000,0.000000,e261c097c6cb228f
416,500,0,500,3977,0.000000,7.954000,927d320f6c67db1e
417,500,2892,500,1981,5.784000,3.962000,3cc842e93270ae8b
418,500,3775,500,2426,7.550000,4.852000,cc679cd5d1bf0ad5
419,500,0,500,3415,0.000000,6.830000,d2acbfbe7b590cdc
420,500,1153,500,2526,2.306000,5.052000,20c4919b75948c99
421,500,3048,500,2217,6.096000,4.434000,765e62d5715c78ff
422,500,3333,500,2212,6.666000,4.424000,156583c4a132141b
423,500,2348,500,2633,4.696000,5.266000,ba5a9515697d4cf9
424,500,2473,500,2590,4.946000,5.180000,1efecd522c1a4076
425,500,1908,500,2185,3.816000,4.370000,11e1fc19b59b8ccd
426,500,1615,500,2689,3.230000,5.378000,a93150ec7b678e5c
427,500,2839,500,2027,5.678000,4.054000,98dc00359fb0802e
428,500,2931,500,2213,5.862000,4.426000,549d0696cd115811
429,500,0,500,4427,0.000000,8.854000,6deee74b6d85bd2e
430,500,2756,500,2356,5.512000,4.712000,395b8fdc9073647d
431,500,2411,500,2638,4.822000,5.276000,20ebfa71319f777b
432,500,0,500,3751,0.000000,7.502000,b09a8c81d7b387ad
433,500,3216,500,3000,6.432000,6.000000,141ae586b3109fb7
434,500,2729,500,2659,5.458000,5.318000,7b1ff73f0a37bb4e
435,500,0,500,4196,0.000000,8.392000,fc77045d2750de4f
436,500,2676,500,2336,5.352000,4.672000,4b6ac16f07709351
437,500,0,500,3789,0.000000,7.578000,4745a3d857aaa672
438,500,2505,500,2203,5.010000,4.406000,fe002fad24f6578c
439,500,2404,500,2264,4.808000,4.528000,504d62fcdace408f
440,500,2537,500,2349,5.074000,4.698000,97868c539993e515
441,500,3056,500,2171,6.112000,4.342000,f7907f70a0022148
442,500,2408,500,2742,4.816000,5.484000,e5c8bf8bf7a55833
443,500,3052,500,2262,6.104000,4.524000,a45b975fbc37a564
444,500,2335,500,2445,4.670000,4.890000,f59ba61b9c076078
445,500,0,500,3521,0.000000,7.042000,981cd97c4a59a05f
446,500,2672,500,2478,5.344000,4.956000,71f05dbe29fda6e0
447,500,2021,500,2743,4.042000,5.486000,37cb4069c400c988
448,500,0,500,3380,0.000000,6.760000,44a3480cc4784fbe
449,500,2333,500,2875,4.666000,5.750000,124d70dc3c29aaa4
450,500,3172,500,2582,6.344000,5.164000,06b2a92b1f5b61fe
451,500,2812,500,2043,5.624000,4.086000,29ecdc3358a072d5
452,500,1384,500,2693,2.768000,5.386000,7528227f59fbb8be
453,500,3025,500,2166,6.050000,4.332000,57a3c232126a6959
454,500,3544,500,1959,7.088000,3.918000,db2405444298a023
455,500,2920,500,2920,5.840000,5.840000,9a26f6ecc556e2fa
456,500,0,500,3382,0.000000,6.764000,48faf455d188708d
457,500,2601,500,2040,5.202000,4.080000,24a1b6b274323030
458,500,2207,500,2556,4.414000,5.112000,f9c424cb36f1b8d9
459,500,2769,500,2179,5.538000,4.358000,22ab6f4006ea8179
460,500,2169,500,2198,4.338000,4.396000,37bf75d692dece5a
461,500,0,500,3648,0.000000,7.296000,5c77a20b4ce5d50c
462,500,1944,500,2535,3.888000,5.070000,1ceef1349e7ad884
463,500,3030,500,2292,6.060000,4.584000,d383a3aabddaa1c2
464,500,0,500,3350,0.000000,6.700000,3f8c22fae381469f
465,500,1550,500,2902,3.100000,5.804000,19033413e4d6d39b
466,500,1437,500,2745,2.874000,5.490000,ef31e2f2ae2b3d5e
467,500,2880,500,2365,5.760000,4.730000,a70ef127d2a645ed
468,500,0,500,3455,0.000000,6.910000,3c5f316e1a5319ba
469,500,1015,500,3109,2.030000,6.218000,a8afc80cea284ee1
470,500,2992,500,2476,5.984000,4.952000,f85fc1ec3a8838c3
471,500,1507,500,2874,3.014000,5.748000,b5845875339596a2
472,500,1013,500,2669,2.026000,5.338000,3534911f094f40dd
473,500,2018,500,2984,4.036000,5.968000,071883206ce6f720
474,500,2557,500,2830,5.114000,5.660000,68c3367f940ccee1
475,500,2731,500,2563,5.462000,5.126000,4ef1db0be5603d6a
476,500,1261,500,2969,2.522000,5.938000,98bc99323cbd831c
477,500,3268,500,2175,6.536000,4.350000,ca0ea72c66d49d5b
478,500,1343,500,3164,2.686000,6.328000,2e0653bfda71b163
479,500,2198,500,2570,4.396000,5.140000,ff3ad545cf536826
480,500,3241,500,1993,6.482000,3.986000,92168f57724366a6
481,500,2902,500,2570,5.804000,5.140000,348e8f2623736be7
482,500,0,500,4404,0.000000,8.808000,1f902a20e49b1028
483,500,2950,500,2484,5.900000,4.968000,c3483fb9ac483ec6
484,500,1569,500,2836,3.138000,5.672000,d67df1f0f4da8491
485,500,0,500,3488,0.000000,6.976000,375b1d6e6d9e8b7f
486,500,2389,500,2594,4.778000,5.188000,d8879c4c4e070986
487,500,1991,500,2374,3.982000,4.748000,4e2d04a6685ab7fa
488,500,2725,500,2218,5.450000,4.436000,b7e68e8096378c95
489,500,0,500,3795,0.000000,7.590000,233249b558e2fe10
490,500,2601,500,2503,5.202000,5.006000,a4789d794fb33ed9
491,500,2543,500,2413,5.086000,4.826000,93964d0a37017f4e
492,500,2412,500,2406,4.824000,4.812000,7233768e456540bb
493,500,0,500,4287,0.000000,8.574000,f0096ccf1d902ddd
494,500,2001,500,2484,4.002000,4.968000,5bc101657b5ffbaa
495,500,1912,500,2651,3.824000,5.302000,0423aa3b669a04a1
496,500,1797,500,2792,3.594000,5.584000,36a4f551e9c82c8c
497,500,0,500,4410,0.000000,8.820000,93b43f070d24ac0a
498,500,2153,500,2276,4.306000,4.552000,57324e1b4ee73a34
499,500,2754,500,2127,5.508000,4.254000,cac1a9b74315dde6
500,500,0,500,3430,0.000000,6.860000,007fcd30437529e8
501,500,2176,500,2471,4.352000,4.942000,ef22a7724b89aafc
502,500,2812,500,2061,5.624000,4.122000,95f180d037b8eb6f
503,500,0,500,3947,0.000000,7.894000,288caf7cef886040
504,500,1731,500,2523,3.462000,5.046000,04e1c5d93dcc77bd
505,500,2308,500,2254,4.616000,4.508000,6c007e3a9d3c2007
506,500,0,500,4009,0.000000,8.018000,56e028579a247737
507,500,2024,500,2299,4.048000,4.598000,9ddc7b64375f4864
508,500,1998,500,2138,3.996000,4.276000,3f894b99efb88d5f
509,500,0,500,3847,0.000000,7.694000,ea2d85168c36aa74
510,500,758,500,2933,1.516000,5.866000,2eab92ca0dc86d38
511,500,2191,500,2402,4.382000,4.804000,f9e00722be10a74e
512,500,0,500,3908,0.000000,7.816000,681229b7319bfa50
513,500,0,500,3697,0.000000,7.394000,af089c47779e036b
514,500,2274,500,2732,4.548000,5.464000,e6500947e663b9c6
515,500,3053,500,1967,6.106000,3.934000,bbbe2ed20e1e49bf
516,500,3283,500,2480,6.566000,4.960000,fc82859f4505e158
517,500,2860,500,2083,5.720000,4.166000,93e7cf0aac3bb845
518,500,2106,500,2730,4.212000,5.460000,08e002791faa1f30
519,500,1589,500,2755,3.178000,5.510000,17d52640dcd2f6a1
520,500,3257,500,2171,6.514000,4.342000,558a888cf01cd410
521,500,3018,500,2381,6.036000,4.762000,7bd5794345fefcc0
522,500,2782,500,2176,5.564000,4.352000,cf6d578054e0822d
523,500,0,500,3721,0.000000,7.442000,e844f641f79e8657
524,500,1913,500,2703,3.826000,5.406000,9eac59071db50b36
525,500,2167,500,2816,4.334000,5.632000,58b32f3e84adc2e2
526,500,2629,500,2160,5.258000,4.320000,253cae70a9c0ea92
527,500,2731,500,2720,5.462000,5.440000,23420520af9e58f6
528,500,2761,500,2327,5.522000,4.654000,ff5ec22ad40d05bf
529,500,1698,500,2922,3.396000,5.844000,9a3cb08ff828374e
530,500,0,500,4250,0.000000,8.500000,4bfdc3524bfe0671
531,500,2820,500,2435,5.640000,4.870000,b706c4e5a1d412f4
532,500,2583,500,2328,5.166000,4.656000,ef13f1cb9aedf813
533,500,0,500,3134,0.000000,6.268000,359e324ad90a32ee
534,500,2173,500,2649,4.346000,5.298000,7ba25e7063ccce26
535,500,1480,500,2462,2.960000,4.924000,943925e7599f0e95
536,500,1247,500,2730,2.494000,5.460000,e2125462c210c998
537,500,3195,500,2383,6.390000,4.766000,681d73dd03376af3
538,500,2107,500,2370,4.214000,4.740000,f9b8dc7318d1417a
539,500,0,500,3556,0.000000,7.112000,c09a2fe947134532
540,500,2008,500,2648,4.016000,5.296000,a6c8d8df87bab75f
541,500,2972,500,2457,5.944000,4.914000,f03ccbdd9aecc760
542,500,3183,500,2412,6.366000,4.824000,e5bce95584fb2a4e
543,500,2238,500,2083,4.476000,4.166000,5ca3b799cab6496d
544,500,0,500,3449,0.000000,6.898000,30e4de909df44beb
545,500,1985,500,2152,3.970000,4.304000,6a484ea35d3419a1
546,500,1915,500,2303,3.830000,4.606000,85ac851489734e33
547,500,1990,500,2336,3.980000,4.672000,a40a0506734b41ca
548,500,3234,500,2168,6.468000,4.336000,7919fecf8ea974a0
549,500,2043,500,2324,4.086000,4.648000,9a3db747e726c43d
550,500,0,500,3871,0.000000,7.742000,6a1651a2b0953e07
551,500,1517,500,2578,3.034000,5.156000,9a841ad6aad7ada2
552,500,0,500,3345,0.000000,6.690000,6b47e51f888cc29f
553,500,2612,500,2637,5.224000,5.274000,dea596e86aae168c
554,500,1515,500,2215,3.030000,4.430000,ec8720588295b12f
555,500,0,500,3740,0.000000,7.480000,bca873472f41ac1a
556,500,1843,500,2296,3.686000,4.592000,10f789c53e7afb80
557,500,1636,500,2554,3.272000,5.108000,d94448b980abb1be
558,500,2294,500,2328,4.588000,4.656000,095fb6e110f8b6ab
559,500,2594,500,2079,5.188000,4.158000,1da9252459f654cd
560,500,2486,500,2549,4.972000,5.098000,f0dccf527bdf5459
561,500,1961,500,2527,3.922000,5.054000,031bebf84ae1f579
562,500,2751,500,2218,5.502000,4.436000,5fff2ad814ad17a4
563,500,2424,500,2590,4.848000,5.180000,8caaca7ff5563895
564,500,2144,500,2437,4.288000,4.874000,03f80dd5a3b3bd3d
565,500,2851,500,2060,5.702000,4.120000,80b6a85eb99a8c22
566,500,1270,500,2678,2.540000,5.356000,3f2289c9116550bf
567,500,3308,500,2093,6.616000,4.186000,04382e8b7d09b722
568,500,2125,500,2595,4.250000,5.190000,308f4118c104d9b2
569,500,2171,500,2072,4.342000,4.144000,4cc8f558b17fa0a2
570,500,1969,500,2462,3.938000,4.924000,362f71850cb3c486
571,500,2056,500,2566,4.112000,5.132000,f63f1bd5f21a1918
572,500,2045,500,2927,4.090000,5.854000,27b75a85705bfef5
573,500,1540,500,2548,3.080000,5.096000,b091142c63c89631
574,500,838,500,3057,1.676000,6.114000,5edf01c6bb5c8cfb
575,500,1615,500,3353,3.230000,6.706000,c936ef054f3a2799
576,500,1750,500,2262,3.500000,4.524000,73a686cae06c820d
577,500,990,500,2794,1.980000,5.588000,8f3a32d5b56e81f5
578,500,1688,500,2490,3.376000,4.980000,7ee4085d701003d2
579,500,1871,500,2623,3.742000,5.246000,6dd494cfb359175c
580,500,3246,500,2523,6.492000,5.046000,82e972d9e493d6c8
581,500,2699,500,2501,5.398000,5.002000,1648f9832cd23e38
582,500,0,500,3916,0.000000,7.832000,53df333a071c7ab3
583,500,0,500,4106,0.000000,8.212000,da342def733ba8fa
584,500,0,500,3630,0.000000,7.260000,c5956b198ab874dc
585,500,0,500,3500,0.000000,7.000000,be3842d81a8daf34
586,500,0,500,3351,0.000000,6.702000,81d7002c5d8e45d1
587,500,2069,500,2807,4.138000,5.614000,e94e6bf4308bd98b
588,500,1901,500,2832,3.802000,5.664000,b33cd3969795d517
589,500,2414,500,2512,4.828000,5.024000,a1c2cb44e06ff586
590,500,2628,500,2576,5.256000,5.152000,6ad9b91686620e7d
591,500,2735,500,2382,5.470000,4.764000,cee7345da9f9da95
592,500,2402,500,1927,4.804000,3.854000,ee1910f76c9cb953
593,500,2019,500,2508,4.038000,5.016000,f69d5a4aff682e80
594,500,2600,500,2668,5.200000,5.336000,bea5a3442c97de42
595,500,2398,500,2555,4.796000,5.110000,2ddbca039ad982cb
596,500,1538,500,2363,3.076000,4.726000,7fcc982a48ee1f07
597,500,3184,500,2653,6.368000,5.306000,6d877a0c2b641cb1
598,500,0,500,3442,0.000000,6.884000,4181696bff56005a
599,500,2325,500,1899,4.650000,3.798000,d63b7e2707d4a5b9
600,500,2447,500,2260,4.894000,4.520000,9a79ed7e663713e2
601,500,2151,500,2327,4.302000,4.654000,03781b8392f70a98
602,500,2419,500,2229,4.838000,4.458000,ea60dd747fae0858
603,500,2312,500,2141,4.624000,4.282000,8cc7776e51334a1e
604,500,3151,500,2532,6.302000,5.064000,8608d6737c332607
605,500,2045,500,2220,4.090000,4.440000,fca7b73eec8f198a
606,500,0,500,4251,0.000000,8.502000,381b86a08ede1191
607,500,2126,500,2225,4.252000,4.450000,3f6b5ead6a12df86
608,500,2368,500,2107,4.736000,4.214000,caaab9235ec89684
609,500,2872,500,2568,5.744000,5.136000,b2195221e8faa366
610,500,2843,500,2220,5.686000,4.440000,a124265ac0e6f95e
611,500,610,500,2897,1.220000,5.794000,720f342528818161
612,500,2758,500,2313,5.516000,4.626000,4dac6e45d181360d
613,500,1996,500,2212,3.992000,4.424000,972f504c4eea5955
614,500,0,500,3262,0.000000,6.524000,4963b00a5ae60604
615,500,0,500,3346,0.000000,6.692000,87091ec188427467
616,500,2725,500,2218,5.450000,4.436000,c05d98141720ffaf
617,500,3185,500,2338,6.370000,4.676000,1c531160b598c0b5
618,500,2289,500,2388,4.578000,4.776000,be9377b7361760b7
619,500,1537,500,2196,3.074000,4.392000,af750e1ae6accad6
620,500,2264,500,2544,4.528000,5.088000,94fd8f1c592998e3
621,500,2030,500,2781,4.060000,5.562000,07e2c93e612650f3
622,500,2677,500,2544,5.354000,5.088000,2c16e52290d28834
623,500,998,500,2804,1.996000,5.608000,fb38533523cc6935
624,500,0,500,3900,0.000000,7.800000,ede294250a829679
625,500,1927,500,2559,3.854000,5.118000,e21a9a9bb92bd250
626,500,1142,500,3014,2.284000,6.028000,9594b51a1553b154
627,500,0,500,3840,0.000000,7.680000,294cb228bc38a6d0
628,500,2351,500,2437,4.702000,4.874000,2582c428858539f7
629,500,2511,500,2359,5.022000,4.718000,a3fcc121b016a826
630,500,2364,500,2105,4.728000,4.210000,24e4f27772d12c70
631,500,2951,500,2249,5.902000,4.498000,05af6a08ce22affc
632,500,1743,500,2598,3.486000,5.196000,7a3c5bcb23e69bb1
633,500,0,500,3549,0.000000,7.098000,cfad46049066d39a
634,500,0,500,3772,0.000000,7.544000,9087dd2a5c66f42f
635,500,2069,500,2672,4.138000,5.344000,0c88d80885281899
636,500,2770,500,2755,5.540000,5.510000,bf100b5fb79d2fa3
637,500,2598,500,2735,5.196000,5.470000,ccc43596e649ab2a
638,500,0,500,4352,0.000000,8.704000,307d79f91b9e32a6
639,500,0,500,3938,0.000000,7.876000,1bfa81196f2770ff
640,500,0,500,3757,0.000000,7.514000,a3058cc33946bce9
641,500,2645,500,2030,5.290000,4.060000,48d3eb3efa2a97aa
642,500,2574,500,579,5.148000,1.158000,0dfeafabaea906f3
643,500,2343,500,2468,4.686000,4.936000,f2d4544fe6a1be27
644,500,0,500,3789,0.000000,7.578000,90f0acaf305f0f77
645,500,1386,500,3109,2.772000,6.218000,f5fc54b4d0e70511
646,500,2230,500,2438,4.460000,4.876000,897886be359a338c
647,500,1484,500,2324,2.968000,4.648000,3360f9a3a56fd08d
648,500,2242,500,2767,4.484000,5.534000,34f3f230751b3188
649,500,2903,500,2523,5.806000,5.046000,a81bafb10899d8d1
650,500,1640,500,2452,3.280000,4.904000,b11ecd5132347f21
651,500,1392,500,2686,2.784000,5.372000,e4d4b49ff0cb9a66
652,500,2109,500,1915,4.218000,3.830000,909ad6ddd3bb1594
653,500,3061,500,2630,6.122000,5.260000,025dda913b23ed91
654,500,2837,500,2657,5.674000,5.314000,b2ef94ac577acc5e
655,500,1486,500,3212,2.972000,6.424000,dcf458719ec7530a
656,500,953,500,3111,1.906000,6.222000,b97a017f1e18a4db
657,500,2204,500,2611,4.408000,5.222000,9bf14af315cfc65d
658,500,2721,500,2758,5.442000,5.516000,b6a2f81f1c25528c
659,500,0,500,3556,0.000000,7.112000,159d52960a6ebd74
660,500,3297,500,2739,6.594000,5.478000,c1e2d149690c549e
661,500,2478,500,2837,4.956000,5.674000,537937be26b53066
662,500,0,500,3970,0.000000,7.940000,b5493306bca09371
663,500,1356,500,2998,2.712000,5.996000,69c772a8884d0066
664,500,2646,500,2236,5.292000,4.472000,4219aed4ba44d4af
665,500,1898,500,2596,3.796000,5.192000,20285c2f0e9b4bff
666,500,1205,500,2820,2.410000,5.640000,6c2f519c5fffecef
667,500,2078,500,2774,4.156000,5.548000,3ab743e4f178959e
668,500,2039,500,2822,4.078000,5.644000,9a79bd61b627f89c
669,500,2483,500,2623,4.966000,5.246000,6f0f250da085b51b
670,500,1701,500,2393,3.402000,4.786000,ac7732fd03ce89e4
671,500,1911,500,2625,3.822000,5.250000,637706b673bf877f
672,500,0,500,3782,0.000000,7.564000,a03faf988ae13c4f
673,500,1635,500,2165,3.270000,4.330000,6c0d00f3544cb17a
674,500,1570,500,2639,3.140000,5.278000,5e5731717dcebc24
675,500,685,500,3027,1.370000,6.054000,3fd313e5115f7f28
676,500,1313,500,2746,2.626000,5.492000,c599d23cdd761737
677,500,1299,500,2440,2.598000,4.880000,a72482f3b3e350c2
678,500,3920,500,2210,7.840000,4.420000,1abe867935ce96e6
679,500,0,500,4636,0.000000,9.272000,2369bc20d14a8f6f
680,500,2394,500,1998,4.788000,3.996000,ea92a0f1bb0f7045
681,500,2469,500,2065,4.938000,4.130000,41209b946d7a6281
682,500,2289,500,2326,4.578000,4.652000,a363888113bf16c1
683,500,1906,500,2407,3.812000,4.814000,5a85124e9d7602d8
684,500,2137,500,2820,4.274000,5.640000,dce74a93d85aeaa5
685,500,0,500,3214,0.000000,6.428000,152b149b5836796c
686,500,2378,500,2354,4.756000,4.708000,01ae3adb02ebe110
687,500,2196,500,2339,4.392000,4.678000,9c7939eefc874b32
688,500,1872,500,2286,3.744000,4.572000,79f56ec7e1007252
689,500,0,500,3619,0.000000,7.238000,c2dc8ebb2ebe3b88
690,500,1891,500,2520,3.782000,5.040000,d71d62a799150d26
691,500,1596,500,2340,3.192000,4.680000,ea958fc86a8e7ab4
692,500,0,500,4004,0.000000,8.008000,aba859a08457409b
693,500,0,500,3472,0.000000,6.944000,55e38e3fcbb927e0
694,500,0,500,3741,0.000000,7.482000,4a035c3401e051c0
695,500,0,500,4001,0.000000,8.002000,7498859259d02687
696,500,2445,500,2341,4.890000,4.682000,a7cdd19af4f010e1
697,500,0,500,4853,0.000000,9.706000,920afc72ae418ce5
698,500,2991,500,2145,5.982000,4.290000,cd1607d857ea6bc7
699,500,3509,500,2671,7.018000,5.342000,36bfaa64ef9d1715
700,500,1700,500,2552,3.400000,5.104000,d00e1efdcb457ccc
701,500,1667,500,2816,3.334000,5.632000,b7d7ba1f9075dd7e
702,500,2516,500,2174,5.032000,4.348000,9d0ae81779d2b3d2
703,500,2058,500,2436,4.116000,4.872000,cc769c9d8f5978ec
704,500,0,500,3507,0.000000,7.014000,264b41c8f6579764
705,500,0,500,3317,0.000000,6.634000,39cbf5c2749b445b
706,500,2833,500,2102,5.666000,4.204000,3fda4263812701bd
707,500,0,500,3402,0.000000,6.804000,b0ba0842ec3839ed
708,500,1803,500,2445,3.606000,4.890000,decdb85c85870091
709,500,2192,500,2442,4.384000,4.884000,5e49500ea3254f58
710,500,1822,500,2404,3.644000,4.808000,1d27f055107ee431
711,500,2896,500,2497,5.792000,4.994000,3fcea450ca838d2f
712,500,1575,500,2666,3.150000,5.332000,70caf13f7665a097
713,500,2684,500,2310,5.368000,4.620000,ac3e2ad96ec99f74
714,500,2299,500,2441,4.598000,4.882000,4da4af0f9e0d5153
715,500,1139,500,2684,2.278000,5.368000,6039462b9665c88b
716,500,1944,500,2540,3.888000,5.080000,d21f54bf14b82850
717,500,2608,500,2230,5.216000,4.460000,9e11c07932e10b67
718,500,0,500,3925,0.000000,7.850000,5ada3043ea60441f
719,500,2330,500,2734,4.660000,5.468000,0f1c3b8ba6da70f3
720,500,1487,500,2435,2.974000,4.870000,17e617c4f33f923a
721,500,0,500,4231,0.000000,8.462000,e397f7d05e3cefea
722,500,2776,500,2513,5.552000,5.026000,4011f9d28888327f
723,500,2367,500,2618,4.734000,5.236000,3bcebb28cfbd125c
724,500,1961,500,2591,3.922000,5.182000,93e853686d635021
725,500,1888,500,2054,3.776000,4.108000,42636f09ef654eef
726,500,2609,500,2259,5.218000,4.518000,78ea1f5c6fb27f83
727,500,2527,500,2591,5.054000,5.182000,3bcc85ebcbf3ac6b
728,500,2632,500,2329,5.264000,4.658000,359d82dbb76557bc
729,500,3059,500,2191,6.118000,4.382000,11344698a20b8078
730,500,910,500,3057,1.820000,6.114000,9b614b630cf38aaf
731,500,0,500,3559,0.000000,7.118000,850a9826b8031d32
732,500,0,500,3972,0.000000,7.944000,6ab781effa6e2c3c
733,500,1944,500,2492,3.888000,4.984000,72e8146f30564b43
734,500,3186,500,2229,6.372000,4.458000,f42eb4c151b7171c
735,500,851,500,3357,1.702000,6.714000,846600fe57c6712c
736,500,2730,500,2600,5.460000,5.200000,6bdb1b62ccee9e93
737,500,2283,500,2537,4.566000,5.074000,013617a8510a9147
738,500,1849,500,2303,3.698000,4.606000,9907766528a08c85
739,500,1467,500,2624,2.934000,5.248000,fcacca2434072418
740,500,0,500,3417,0.000000,6.834000,8f0aa0a37288b065
741,500,2794,500,1747,5.588000,3.494000,1b597e79758b04fe
742,500,1615,500,2190,3.230000,4.380000,13929107d1350563
743,500,0,500,3441,0.000000,6.882000,35360c9b933ab9ff
744,500,1195,500,2973,2.390000,5.946000,a2d441031751065c
745,500,2424,500,2604,4.848000,5.208000,e57783305be098e7
746,500,3124,500,2268,6.248000,4.536000,623d723956a8bc8b
747,500,3241,500,2784,6.482000,5.568000,5d1b3308dc136321
748,500,2832,500,2397,5.664000,4.794000,099fde7a1e20fbe5
749,500,1436,500,3033,2.872000,6.066000,116430f2d623b3e3
750,500,2426,500,2459,4.852000,4.918000,907e65654ca265a3
751,500,2667,500,2740,5.334000,5.480000,4b2f585ed87c8749
752,500,2570,500,2706,5.140000,5.412000,f7ecdddf3e7f9399
753,500,1589,500,2527,3.178000,5.054000,05fd8c12ccb46ac8
754,500,2467,500,2818,4.934000,5.636000,a7b69b2d6ffb7d14
755,500,0,500,3409,0.000000,6.818000,427bee71cbeedd12
756,500,2930,500,2672,5.860000,5.344000,395d1c445e912e84
757,500,0,500,3623,0.000000,7.246000,7ae879f11d8177c7
758,500,0,500,4323,0.000000,8.646000,edb884966887ad1b
759,500,0,500,5054,0.000000,10.108000,11a85d224e9c591c
760,500,1756,500,2860,3.512000,5.720000,a3c458feb32ac07b
761,500,2601,500,2257,5.202000,4.514000,39ab45cc760f9e22
762,500,0,500,4250,0.000000,8.500000,1eaa82c46118e04a
763,500,0,500,3389,0.000000,6.778000,b8815cdde594f6da
764,500,0,500,3592,0.000000,7.184000,55e6aee36f11dfd6
765,500,1762,500,2641,3.524000,5.282000,468d5f76fbeaabbc
766,500,0,500,3630,0.000000,7.260000,cefdc6b974a08873
767,500,2253,500,2591,4.506000,5.182000,a5441de699ba9d7f
768,500,1253,500,2603,2.506000,5.206000,6dc485b544d6978d
769,500,807,500,2854,1.614000,5.708000,0725546792003464
770,500,1840,500,2252,3.680000,4.504000,7a04af11c20ec377
771,500,0,500,3747,0.000000,7.494000,94535e78f1412c91
772,500,3366,500,2507,6.732000,5.014000,5583a7769900dcf1
773,500,3532,500,1996,7.064000,3.992000,2e5cabab157ef6f7
774,500,1497,500,2515,2.994000,5.030000,c8582e0c4378996a
775,500,2272,500,2194,4.544000,4.388000,62a29ba05d23a9e8
776,500,0,500,4184,0.000000,8.368000,b3dd67c30d7baf6f
777,500,2762,500,2549,5.524000,5.098000,33f0e03730414496
778,500,1344,500,3060,2.688000,6.120000,9b44289321bb9177
779,500,1746,500,2534,3.492000,5.068000,19cc5f5e5db988e1
780,500,0,500,3614,0.000000,7.228000,f9e46673cbb1a6af
781,500,1371,500,2353,2.742000,4.706000,4fff51feb6f3eb56
782,500,2617,500,2328,5.234000,4.656000,26898a7c72ef77f9
783,500,0,500,3643,0.000000,7.286000,b77c358b40b828c3
784,500,2564,500,2109,5.128000,4.218000,fcdf7f35c9ac92c9
785,500,3047,500,2413,6.094000,4.826000,4a10fe903604976e
786,500,2768,500,2074,5.536000,4.148000,9ccd90808f5b6c88
787,500,1407,500,2290,2.814000,4.580000,4a258744bb8ac623
788,500,0,500,4122,0.000000,8.244000,ce9b24a9b4ef54f2
789,500,2112,500,2364,4.224000,4.728000,5b45df4278de73b6
790,500,2805,500,2309,5.610000,4.618000,22515327391ce6c9
791,500,0,500,3568,0.000000,7.136000,998acae6fc69c9ae
792,500,0,500,4500,0.000000,9.000000,bc2ce87d49b36f24
793,500,1492,500,2679,2.984000,5.358000,7b9c10f55c440378
794,500,2473,500,2521,4.946000,5.042000,c1bfdfa61ac1286a
795,500,2336,500,2396,4.672000,4.792000,f0edf1ce16d11f88
796,500,3207,500,2070,6.414000,4.140000,ce9613d6a98551b4
797,500,1499,500,1981,2.998000,3.962000,bae43712541e2008
798,500,0,500,3425,0.000000,6.850000,7c0290a470776c02
799,500,3086,500,1720,6.172000,3.440000,72dac07a575a13a3
800,500,1179,500,2613,2.358000,5.226000,5f2965ec89c4ba67
801,500,976,500,2992,1.952000,5.984000,4ed2eac95a4ffc6f
802,500,2341,500,2521,4.682000,5.042000,449f99c121c1af5b
803,500,2164,500,2451,4.328000,4.902000,fb6d56d83f5fa583
804,500,1581,500,2899,3.162000,5.798000,794f740a6b3c1a8f
805,500,0,500,3680,0.000000,7.360000,cec2b881938a2004
806,500,0,500,3659,0.000000,7.318000,be25f2b9158cfbdf
807,500,0,500,3849,0.000000,7.698000,b8d09f65d183336f
808,500,2158,500,2488,4.316000,4.976000,f6303476e2fe090c
809,500,3162,500,2440,6.324000,4.880000,13161876858c7789
810,500,2287,500,2118,4.574000,4.236000,7cb805a4fc0b99f4
811,500,1340,500,2540,2.680000,5.080000,866eb9ea45642ea4
812,500,0,500,3448,0.000000,6.896000,668933b257cdb0c6
813,500,2145,500,3545,4.290000,7.090000,c4837309f1751cdb
814,500,0,500,4028,0.000000,8.056000,744479bb2614ead5
815,500,2361,500,2472,4.722000,4.944000,b068ca9648ac3ed4
816,500,2464,500,2376,4.928000,4.752000,7c4b721927341977
817,500,0,500,3004,0.000000,6.008000,b9c4297cea2fe370
818,500,2432,500,2715,4.864000,5.430000,be933e83473fa19d
819,500,2984,500,2778,5.968000,5.556000,b84ce59abd56961e
820,500,0,500,3641,0.000000,7.282000,ee90e1fecfa658cf
821,500,1852,500,2832,3.704000,5.664000,a25d567ecbc372e8
822,500,2442,500,2377,4.884000,4.754000,961f819e1d2b9336
823,500,1987,500,2263,3.974000,4.526000,90dc9cb3046e4c81
824,500,1540,500,2300,3.080000,4.600000,6a1e097b5cec2368
825,500,1494,500,2106,2.988000,4.212000,444612fb8fb79c47
826,500,2620,500,2293,5.240000,4.586000,ae7e7613575315d8
827,500,2162,500,2598,4.324000,5.196000,53d8e81d490ba424
828,500,2787,500,2432,5.574000,4.864000,fd69b8e487ec4bf1
829,500,1960,500,2265,3.920000,4.530000,01687e6578a5d028
830,500,1774,500,2913,3.548000,5.826000,de1fbe121ed74fb0
831,500,2866,500,2640,5.732000,5.280000,79ef0eb711d50e17
832,500,924,500,3119,1.848000,6.238000,a3ec20f4508cb87a
833,500,2315,500,2260,4.630000,4.520000,55034314354b02ff
834,500,1263,500,2203,2.526000,4.406000,de05fa099b67aea0
835,500,2271,500,2306,4.542000,4.612000,53188bf301daae3b
836,500,3090,500,2213,6.180000,4.426000,0e7fbfabcb532fc3
837,500,3126,500,2425,6.252000,4.850000,65c591c772e5a5c0
838,500,2932,500,2523,5.864000,5.046000,980e03c5373a5cce
839,500,0,500,3287,0.000000,6.574000,9eadff453775f81b
840,500,2907,500,2627,5.814000,5.254000,af092847efdbf175
841,500,1910,500,2278,3.820000,4.556000,abe14d4697fd83c4
842,500,0,500,4493,0.000000,8.986000,1b644075bd96985f
843,500,1411,500,2633,2.822000,5.266000,573f262539c1b236
844,500,2293,500,2495,4.586000,4.990000,8871c7198d48849c
845,500,2279,500,2608,4.558000,5.216000,04cf87d074a43820
846,500,1959,500,2161,3.918000,4.322000,44c64515f872d639
847,500,0,500,3147,0.000000,6.294000,94c1d04736925a65
848,500,2357,500,2558,4.714000,5.116000,3aa804e34c77935b
849,500,659,500,2592,1.318000,5.184000,6d5bdd3735b9ae30
850,500,3158,500,2752,6.316000,5.504000,8b1f1a1e903a76d2
851,500,2762,500,2301,5.524000,4.602000,e7cbe705842e24db
852,500,2902,500,2003,5.804000,4.006000,8e693d461f10d4f7
853,500,2429,500,2333,4.858000,4.666000,a7ce459413bb51ff
854,500,0,500,3581,0.000000,7.162000,03b122b1345376a0
855,500,2067,500,2165,4.134000,4.330000,6effc5c610267ffb
856,500,2411,500,2654,4.822000,5.308000,265f1fdeae12607f
857,500,2998,500,2423,5.996000,4.846000,9ebd83aacbe9a9f7
858,500,0,500,2831,0.000000,5.662000,ca9e63467e32504f
859,500,2021,500,2082,4.042000,4.164000,12c1aa02d00f9a12
860,500,1921,500,2685,3.842000,5.370000,3ab410f7781b39dc
861,500,2764,500,2139,5.528000,4.278000,08479052b4ee67b9
862,500,2341,500,2179,4.682000,4.358000,c7a1d90948f4f5d3
863,500,1779,500,2524,3.558000,5.048000,add9794b6c8055fe
864,500,0,500,4979,0.000000,9.958000,b51e21a04652b9a7
865,500,1838,500,2358,3.676000,4.716000,311778c4c70379c9
866,500,1960,500,2302,3.920000,4.604000,fbed680d0c080e52
867,500,1464,500,2255,2.928000,4.510000,f046fef605513449
868,500,1948,500,2443,3.896000,4.886000,8375475e23c52390
869,500,2695,500,2627,5.390000,5.254000,29d66e9f2b2b748b
870,500,0,500,3873,0.000000,7.746000,b5f368150fb42dad
871,500,3388,500,2343,6.776000,4.686000,a7764c15e4cbac22
872,500,0,500,3296,0.000000,6.592000,fa0fcb869ea2150a
873,500,2962,500,2693,5.924000,5.386000,0b812eaa7c8974ab
874,500,816,500,2699,1.632000,5.398000,2aca8195765a885c
875,500,2379,500,2353,4.758000,4.706000,d413ae0451b61401
876,500,0,500,3542,0.000000,7.084000,d3c06ea0303efecd
877,500,497,500,3071,0.994000,6.142000,4eea6f33f54fa98a
878,500,1685,500,2627,3.370000,5.254000,68d72270ff048bca
879,500,1372,500,2818,2.744000,5.636000,7a9a2eadd4c248cc
880,500,0,500,4118,0.000000,8.236000,ef2978f4e98a53c2
881,500,2624,500,2547,5.248000,5.094000,8e1c1c3c4fb8481c
882,500,2330,500,2183,4.660000,4.366000,8a8fb5de1427c561
883,500,2844,500,2082,5.688000,4.164000,8d62a8574120cc4c
884,500,1699,500,2313,3.398000,4.626000,c95c6cb73ceeaf45
885,500,2710,500,3097,5.420000,6.194000,288f1092ff1d0670
886,500,2387,500,1870,4.774000,3.740000,07573539f43ab2a1
887,500,2729,500,2173,5.458000,4.346000,f27f636a9f1b21c8
888,500,2498,500,2052,4.996000,4.104000,0477cd64219718a9
889,500,0,500,3416,0.000000,6.832000,6b0dc073719b30c2
890,500,2971,500,2096,5.942000,4.192000,4f04ecd1cace248f
891,500,3384,500,1910,6.768000,3.820000,3165b4616444744f
892,500,3359,500,2246,6.718000,4.492000,76365acd391ec4b4
893,500,2344,500,2130,4.688000,4.260000,e8a13fa17527c39e
894,500,2637,500,2648,5.274000,5.296000,b2969c8dca42eca8
895,500,2940,500,2025,5.880000,4.050000,a911951f213f5af0
896,500,1671,500,2516,3.342000,5.032000,1be93db43d98cb1e
897,500,0,500,3279,0.000000,6.558000,7d0bbe544111ea4a
898,500,1661,500,2148,3.322000,4.296000,fb1d59353c082c84
899,500,1837,500,2655,3.674000,5.310000,b067d426b5290675
900,500,1348,500,2973,2.696000,5.946000,dec2934cb3d51743
901,500,3206,500,2505,6.412000,5.010000,d6f919fd65707a50
902,500,2632,500,2399,5.264000,4.798000,e623dd348a4d5d2e
903,500,1960,500,2163,3.920000,4.326000,428b895eaf6c7b74
904,500,2020,500,3096,4.040000,6.192000,fc208cbf389234ff
905,500,0,500,3540,0.000000,7.080000,4c30cd2379d9cedc
906,500,1759,500,2594,3.518000,5.188000,80162bf1db573c2c
907,500,2462,500,2663,4.924000,5.326000,4a295fa7f4db0252
908,500,3051,500,2155,6.102000,4.310000,32d4239206c4016d
909,500,712,500,2863,1.424000,5.726000,2797d9a42c48ca40
910,500,1538,500,2594,3.076000,5.188000,5f3db8efb72a2649
911,500,2780,500,2772,5.560000,5.544000,1c6b996b7c445419
912,500,1036,500,2604,2.072000,5.208000,2b3ca0ae924a71bb
913,500,2119,500,2774,4.238000,5.548000,c6e40cb3ee7bc6de
914,500,0,500,3947,0.000000,7.894000,91e3faf14f03934e
915,500,1712,500,2270,3.424000,4.540000,dadcbc2a65340015
916,500,1990,500,2284,3.980000,4.568000,a634f02db10015ff
917,500,2189,500,2553,4.378000,5.106000,71a0ce4ef637fb79
918,500,2856,500,2329,5.712000,4.658000,63f126ca215d22a6
919,500,1713,500,2407,3.426000,4.814000,2e8dc4940e3aaacb
920,500,0,500,4129,0.000000,8.258000,0a638c99108d6e83
921,500,2315,500,2422,4.630000,4.844000,ada1962f9857d218
922,500,2263,500,2410,4.526000,4.820000,d50c5da5d1aa4b77
923,500,3069,500,2255,6.138000,4.510000,cbbf3522ad4e1e60
924,500,1648,500,2583,3.296000,5.166000,4f8929e38e0d45f6
925,500,1681,500,2131,3.362000,4.262000,e006d107e2e3d378
926,500,0,500,3869,0.000000,7.738000,55b9cbd3e312d4d3
927,500,2189,500,2135,4.378000,4.270000,620b848012ec1d7f
928,500,1945,500,2186,3.890000,4.372000,93461f5574ac0184
929,500,2418,500,2793,4.836000,5.586000,7b02f375e3723ffc
930,500,0,500,3538,0.000000,7.076000,a15d903fa8bc60ad
931,500,1247,500,2773,2.494000,5.546000,dd46e0c8e145560f
932,500,2463,500,2122,4.926000,4.244000,8a3aacacb5f34fb0
933,500,0,500,4134,0.000000,8.268000,af48787b6f7eb567
934,500,1277,500,2255,2.554000,4.510000,2a32ce7e623cfabb
935,500,3357,500,2605,6.714000,5.210000,66500874f49943af
936,500,2624,500,2131,5.248000,4.262000,c536bd1b82954e96
937,500,0,500,3590,0.000000,7.180000,d3ead543e007d8f2
938,500,1791,500,2587,3.582000,5.174000,5ad4ddc9ebf77280
939,500,2965,500,2174,5.930000,4.348000,b8ef82ae195aa008
940,500,2905,500,2224,5.810000,4.448000,9fc978866550ca0e
941,500,3035,500,2016,6.070000,4.032000,f436e888230df2ae
942,500,2622,500,2249,5.244000,4.498000,a1ae85afcb0babf3
943,500,0,500,4430,0.000000,8.860000,306d46977bdc55f1
944,500,1820,500,3071,3.640000,6.142000,c01ae1aebb21b9b6
945,500,807,500,3026,1.614000,6.052000,3f10b90d42e31a13
946,500,2513,500,2545,5.026000,5.090000,529b28cd34bdaaee
947,500,1577,500,2463,3.154000,4.926000,92ad517c7eb69664
948,500,3169,500,3153,6.338000,6.306000,2200d7cd5c4ff3f3
949,500,0,500,4500,0.000000,9.000000,e42b979d829ab0f1
950,500,2994,500,2458,5.988000,4.916000,01a554c3613fbaf7
951,500,2154,500,2503,4.308000,5.006000,b4ad9ecab7cf812d
952,500,1716,500,2258,3.432000,4.516000,7d199b1443663d0d
953,500,2268,500,2623,4.536000,5.246000,0e6af808a83cd23f
954,500,1985,500,2958,3.970000,5.916000,e43d8ee0cffa0943
955,500,2563,500,2467,5.126000,4.934000,09a3212d715235ed
956,500,2217,500,2534,4.434000,5.068000,cad08c1f723c845b
957,500,1979,500,2408,3.958000,4.816000,7ed231399ed76d13
958,500,1590,500,2304,3.180000,4.608000,4ff3868039145633
959,500,1629,500,2665,3.258000,5.330000,ed4742ecb7b62a03
960,500,0,500,3663,0.000000,7.326000,21a460863248c58b
961,500,0,500,3049,0.000000,6.098000,cd99ca2ec8bc0543
962,500,2136,500,2053,4.272000,4.106000,e8ad6962c93208de
963,500,2936,500,2546,5.872000,5.092000,5beb06ea9dff4b45
964,500,0,500,3693,0.000000,7.386000,4a79f84594f4828e
965,500,1325,500,3235,2.650000,6.470000,26f784f9ded41aa2
966,500,0,500,4900,0.000000,9.800000,bf0fc489d1b348c3
967,500,0,500,4051,0.000000,8.102000,513985b65fe837c7
968,500,2333,500,2351,4.666000,4.702000,88ffcdbf5defeb93
969,500,2482,500,2123,4.964000,4.246000,e64ece7e017db8fc
970,500,2466,500,2636,4.932000,5.272000,f6e286bf34256ba3
971,500,2813,500,2360,5.626000,4.720000,ccdaef9eb7b4f309
972,500,1623,500,2475,3.246000,4.950000,bc8173229f302670
973,500,0,500,3730,0.000000,7.460000,8ae6175ce40de717
974,500,1643,500,2383,3.286000,4.766000,cf852ea41410a71d
975,500,1750,500,2449,3.500000,4.898000,e521841bea885821
976,500,3089,500,2622,6.178000,5.244000,e90e10ae62bb9670
977,500,0,500,3389,0.000000,6.778000,fbbef956ba25a0eb
978,500,2757,500,2476,5.514000,4.952000,8d3d81864b7dad09
979,500,1899,500,2412,3.798000,4.824000,e5b888020d8c3b33
980,500,2194,500,2498,4.388000,4.996000,aca730cf9833bd51
981,500,0,500,3312,0.000000,6.624000,711c8cbd86710119
982,500,2937,500,2798,5.874000,5.596000,bb0db848cdf73c2f
983,500,3412,500,2071,6.824000,4.142000,c427f1339dc554b6
984,500,0,500,3525,0.000000,7.050000,536cdce244f884e5
985,500,0,500,3726,0.000000,7.452000,e00c364b545a1674
986,500,1321,500,2996,2.642000,5.992000,eb671dc91c186edf
987,500,2686,500,2386,5.372000,4.772000,b45027ce82935c38
988,500,1825,500,2145,3.650000,4.290000,1a9b16caaebcb12a
989,500,1212,500,2494,2.424000,4.988000,793b1c0a0614623d
990,500,0,500,4805,0.000000,9.610000,f0408dab0d21223a
991,500,0,500,3526,0.000000,7.052000,183e5e2dab84e3c8
992,500,1521,500,2417,3.042000,4.834000,1f6c762478c110ce
993,500,1999,500,2599,3.998000,5.198000,37496cf85554b768
994,500,2102,500,2390,4.204000,4.780000,e5e1367d8c812dd3
995,500,2010,500,2005,4.020000,4.010000,a29b834d2bfd599c
996,500,2665,500,2374,5.330000,4.748000,53443e129d8f1f66
997,500,1646,500,2369,3.292000,4.738000,405050e578e8a816
998,500,1358,500,2391,2.716000,4.782000,53bca8a7a819f1ec
999,500,1899,500,2134,3.798000,4.268000,0733da639a31894c
1000,500,1409,500,2185,2.818000,4.370000,5b498c258efc4b70

runs 1000, seeds 1..=1000
void (both extinct)      0 (0.0%)
single survivor          211 (21.1%)

  margin  species a    coexistence  species b   coexistence share of non-void
    0.05        283             86        631   8.6%
    0.10        238            174        588   17.4%
    0.15        196            266        538   26.6%
    0.20        147            350        503   35.0%
    0.25        110            418        472   41.8%
    0.30         76            487        437   48.7%
    0.40         38            580        382   58.0%
    0.50         16            649        335   64.9%
