10/80 runs
20/80 runs
30/80 runs
40/80 runs
50/80 runs
60/80 runs
70/80 runs
80/80 runs
seed,initial_a,final_a,initial_b,final_b,score_a,score_b,digest
1,500,9374,500,234,18.748000,0.468000,34585154c836dcae
2,500,8397,500,27,16.794000,0.054000,790c556193a2c26a
3,500,8717,500,2,17.434000,0.004000,4b846133de0b2105
4,500,8691,500,12,17.382000,0.024000,795070981a2b537e
5,500,0,500,7066,0.000000,14.132000,35c3f7580581fb33
6,500,0,500,6993,0.000000,13.986000,100e47677b4746e9
7,500,5336,500,6726,10.672000,13.452000,cb00aadf19253841
8,500,8648,500,1886,17.296000,3.772000,3d8ae5ed8486fe69
9,500,0,500,8118,0.000000,16.236000,7e02392e4fd34d22
10,500,0,500,7010,0.000000,14.020000,f243326b436d181c
11,500,0,500,7809,0.000000,15.618000,53de4cb78b4adf4f
12,500,8235,500,1928,16.470000,3.856000,0703b8c918f8078d
13,500,8174,500,0,16.348000,0.000000,a6f2c8030d7c7aaa
14,500,9012,500,2009,18.024000,4.018000,853bf241d6f4b615
15,500,2786,500,7637,5.572000,15.274000,6bde5365eb62a6ac
16,500,9322,500,0,18.644000,0.000000,5078dffd9d4d362c
17,500,6802,500,78,13.604000,0.156000,b6bcd30d05abacd8
18,500,0,500,6601,0.000000,13.202000,0ee6141c9208f7c4
19,500,8650,500,11,17.300000,0.022000,03a60c68e58cda02
20,500,8493,500,308,16.986000,0.616000,02cd8af14e64f537
21,500,0,500,6456,0.000000,12.912000,3e0adc518d306186
22,500,8188,500,670,16.376000,1.340000,6918a37abe2f37f9
23,500,9263,500,66,18.526000,0.132000,142d5b9551d31606
24,500,6834,500,4369,13.668000,8.738000,068d12d278d4fcda
25,500,0,500,8231,0.000000,16.462000,1629ae6d5c71aa24
26,500,7180,500,0,14.360000,0.000000,3e654abc6fc90eb0
27,500,8219,500,2092,16.438000,4.184000,5a50643699d984f1
28,500,7805,500,8,15.610000,0.016000,e97fe31968ab342e
29,500,0,500,6220,0.000000,12.440000,5637467ea7c937d2
30,500,7210,500,0,14.420000,0.000000,152cec3788d12cc0
31,500,7659,500,238,15.318000,0.476000,1013c918c3e447e0
32,500,6854,500,2278,13.708000,4.556000,73f3750ace8d423a
33,500,7762,500,1540,15.524000,3.080000,d100b97d01de2b90
34,500,0,500,7194,0.000000,14.388000,732ba90c93686d27
35,500,8078,500,0,16.156000,0.000000,88b2a7d949d6ec02
36,500,7024,500,527,14.048000,1.054000,fad45f681e9e838c
37,500,7527,500,18,15.054000,0.036000,6f2d6b1f2413dc68
38,500,6413,500,423,12.826000,0.846000,9c6b8d77fade08d1
39,500,8038,500,0,16.076000,0.000000,ad94ad9e7b231148
40,500,7311,500,0,14.622000,0.000000,531fcaf24952a4b4
41,500,7573,500,0,15.146000,0.000000,28bab79018b354e2
42,500,8774,500,750,17.548000,1.500000,57a687ab48a31c56
43,500,7180,500,0,14.360000,0.000000,379adeedac08269b
44,500,7729,500,1355,15.458000,2.710000,92e5a58550d16cca
45,500,8439,500,16,16.878000,0.032000,cb2cae5a03d7fb86
46,500,7698,500,0,15.396000,0.000000,5cddfe552136e60a
47,500,0,500,6572,0.000000,13.144000,73a6ce934fe6c033
48,500,9036,500,10,18.072000,0.020000,0d8232b467a2570a
49,500,8981,500,0,17.962000,0.000000,7b474445d0ff2360
50,500,7875,500,164,15.750000,0.328000,2737ceb8d67266c1
51,500,6048,500,1819,12.096000,3.638000,d69e608ba11d1308
52,500,8843,500,6,17.686000,0.012000,c06cc78b2b18cf84
53,500,7665,500,0,15.330000,0.000000,031488a18a8c9f08
54,500,8872,500,0,17.744000,0.000000,db97e0b38266b05a
55,500,0,500,7309,0.000000,14.618000,5c35468078909555
56,500,8301,500,368,16.602000,0.736000,710be3854606fb4d
57,500,8314,500,175,16.628000,0.350000,1d05d2e37767f474
58,500,8030,500,0,16.060000,0.000000,f9b999d78a12138d
59,500,6997,500,0,13.994000,0.000000,4874b2bffe014639
60,500,8362,500,4,16.724000,0.008000,c3b6c6f141221292
61,500,8972,500,62,17.944000,0.124000,8d406f17948548ec
62,500,6952,500,0,13.904000,0.000000,f16fa78ff4c3b4a8
63,500,7993,500,123,15.986000,0.246000,9e3a20124f3813d1
64,500,8677,500,0,17.354000,0.000000,4999fad2361c4ccd
65,500,8884,500,313,17.768000,0.626000,516077992744b2a3
66,500,0,500,7286,0.000000,14.572000,cfdb9f8c1b15831d
67,500,7972,500,695,15.944000,1.390000,671d9711b43dde02
68,500,0,500,8665,0.000000,17.330000,eae949a5361c4a53
69,500,9367,500,0,18.734000,0.000000,4a6e07c578c6bdf4
70,500,8269,500,0,16.538000,0.000000,26373032a43b1095
71,500,8011,500,561,16.022000,1.122000,f5eafa32eb5e377d
72,500,3890,500,6533,7.780000,13.066000,75e57aa7ac195e8d
73,500,9852,500,34,19.704000,0.068000,a8516ea00755c5dd
74,500,8265,500,0,16.530000,0.000000,0825a842929354a6
75,500,7842,500,11,15.684000,0.022000,17a49548f14e2e39
76,500,8660,500,0,17.320000,0.000000,86c1409af7032b22
77,500,0,500,6972,0.000000,13.944000,cf328d3cac66ba7a
78,500,6264,500,0,12.528000,0.000000,acb0c50640f446cf
79,500,9324,500,474,18.648000,0.948000,82ffa8780030f4c2
80,500,7353,500,0,14.706000,0.000000,158149e3b3b8037a

runs 80, seeds 1..=80
void (both extinct)      0 (0.0%)
single survivor          38 (47.5%)

  margin  species a    coexistence  species b   coexistence share of non-void
    0.05         62              0         18   0.0%
    0.10         62              0         18   0.0%
    0.15         62              0         18   0.0%
    0.20         62              0         18   0.0%
    0.25         62              1         17   1.2%
    0.30         62              1         17   1.2%
    0.40         62              1         17   1.2%
    0.50         61              2         17   2.5%
